[1,["2dBVOyyp9NH5JIO1ik+XMd","44+IIifOtPV6a5imaOj7d9","1ax8y24utG2bKi7yFTMSk/"],["_textureSetter"],["cc.SpriteFrame"],0,[[[{"name":"common_bar2_1","rect":[0,0,30,32],"offset":[0,0],"originalSize":[30,32],"capInsets":[12,13,14,15]}],[0],0,[0],[0],[0]],[[{"name":"common_bar2_1up","rect":[0,0,30,32],"offset":[0,0],"originalSize":[30,32],"capInsets":[14,15,13,12]}],[0],0,[0],[0],[1]],[[{"name":"rune_img_2","rect":[0,0,702,141],"offset":[0,0],"originalSize":[702,141],"capInsets":[57,0,55,0]}],[0],0,[0],[0],[2]]]]